[CalibratedNIDevices]
PXIe-6341_8ch_IntMax%20%3A%2062500.000000=62500.72887, 1600, PXIe-6341
PXIe-6341_8ch_IntSafe%20%3A%2010593.220339=10593.344351, 9440, PXIe-6341
